Run Number,Trace Number,Object.Slot,Timestep,Slot Value,Year,Month
1,0,RES8 Willard Bay.Evaporation,11-30-2459 23:59:00,0,2459,November
1,0,RES8 Willard Bay.Evaporation,12-31-2459 23:59:00,0,2459,December
1,0,RES8 Willard Bay.Evaporation,01-31-2460 23:59:00,0,2460,January
1,0,RES8 Willard Bay.Evaporation,02-29-2460 23:59:00,0,2460,February
1,0,RES8 Willard Bay.Evaporation,03-31-2460 23:59:00,197.34,2460,March
1,0,RES8 Willard Bay.Evaporation,04-30-2460 23:59:00,1480.05,2460,April
1,0,RES8 Willard Bay.Evaporation,05-31-2460 23:59:00,3256.11,2460,May
1,0,RES8 Willard Bay.Evaporation,06-30-2460 23:59:00,5426.86,2460,June
1,0,RES8 Willard Bay.Evaporation,07-31-2460 23:59:00,7980.39,2460,July
1,0,RES8 Willard Bay.Evaporation,08-31-2460 23:59:00,6873.94,2460,August
1,0,RES8 Willard Bay.Evaporation,09-30-2460 23:59:00,4012.22,2460,September
1,0,RES8 Willard Bay.Evaporation,10-31-2460 23:59:00,1759.75,2460,October
1,0,RES8 Willard Bay.Evaporation,11-30-2460 23:59:00,0,2460,November
1,0,RES8 Willard Bay.Evaporation,12-31-2460 23:59:00,0,2460,December
1,0,RES8 Willard Bay.Evaporation,01-31-2461 23:59:00,0,2461,January
1,0,RES8 Willard Bay.Evaporation,02-28-2461 23:59:00,0,2461,February
1,0,RES8 Willard Bay.Evaporation,03-31-2461 23:59:00,197.34,2461,March
1,0,RES8 Willard Bay.Evaporation,04-30-2461 23:59:00,1480.05,2461,April
1,0,RES8 Willard Bay.Evaporation,05-31-2461 23:59:00,3256.11,2461,May
1,0,RES8 Willard Bay.Evaporation,06-30-2461 23:59:00,5426.86,2461,June
1,0,RES8 Willard Bay.Evaporation,07-31-2461 23:59:00,7980.4,2461,July
1,0,RES8 Willard Bay.Evaporation,08-31-2461 23:59:00,6874.43,2461,August
1,0,RES8 Willard Bay.Evaporation,09-30-2461 23:59:00,4014.72,2461,September
1,0,RES8 Willard Bay.Evaporation,10-31-2461 23:59:00,1761.7,2461,October
1,0,RES8 Willard Bay.Evaporation,11-30-2461 23:59:00,0,2461,November
1,0,RES8 Willard Bay.Evaporation,12-31-2461 23:59:00,0,2461,December
1,0,RES8 Willard Bay.Evaporation,01-31-2462 23:59:00,0,2462,January
1,0,RES8 Willard Bay.Evaporation,02-28-2462 23:59:00,0,2462,February
1,0,RES8 Willard Bay.Evaporation,03-31-2462 23:59:00,197.34,2462,March
1,0,RES8 Willard Bay.Evaporation,04-30-2462 23:59:00,1480.05,2462,April
1,0,RES8 Willard Bay.Evaporation,05-31-2462 23:59:00,3256.11,2462,May
1,0,RES8 Willard Bay.Evaporation,06-30-2462 23:59:00,5426.86,2462,June
1,0,RES8 Willard Bay.Evaporation,07-31-2462 23:59:00,7987.16,2462,July
1,0,RES8 Willard Bay.Evaporation,08-31-2462 23:59:00,6887.54,2462,August
1,0,RES8 Willard Bay.Evaporation,09-30-2462 23:59:00,4022.9,2462,September
1,0,RES8 Willard Bay.Evaporation,10-31-2462 23:59:00,1765.09,2462,October
1,0,RES8 Willard Bay.Evaporation,11-30-2462 23:59:00,0,2462,November
1,0,RES8 Willard Bay.Evaporation,12-31-2462 23:59:00,0,2462,December
1,0,RES8 Willard Bay.Evaporation,01-31-2463 23:59:00,0,2463,January
1,0,RES8 Willard Bay.Evaporation,02-28-2463 23:59:00,0,2463,February
1,0,RES8 Willard Bay.Evaporation,03-31-2463 23:59:00,197.34,2463,March
1,0,RES8 Willard Bay.Evaporation,04-30-2463 23:59:00,1480.05,2463,April
1,0,RES8 Willard Bay.Evaporation,05-31-2463 23:59:00,3256.11,2463,May
1,0,RES8 Willard Bay.Evaporation,06-30-2463 23:59:00,5426.87,2463,June
1,0,RES8 Willard Bay.Evaporation,07-31-2463 23:59:00,7992.28,2463,July
1,0,RES8 Willard Bay.Evaporation,08-31-2463 23:59:00,6898.21,2463,August
1,0,RES8 Willard Bay.Evaporation,09-30-2463 23:59:00,4029.39,2463,September
1,0,RES8 Willard Bay.Evaporation,10-31-2463 23:59:00,1768.38,2463,October
1,0,RES8 Willard Bay.Evaporation,11-30-2463 23:59:00,0,2463,November
1,0,RES8 Willard Bay.Evaporation,12-31-2463 23:59:00,0,2463,December
1,0,RES8 Willard Bay.Evaporation,01-31-2464 23:59:00,0,2464,January
1,0,RES8 Willard Bay.Evaporation,02-29-2464 23:59:00,0,2464,February
1,0,RES8 Willard Bay.Evaporation,03-31-2464 23:59:00,197.34,2464,March
1,0,RES8 Willard Bay.Evaporation,04-30-2464 23:59:00,1480.05,2464,April
1,0,RES8 Willard Bay.Evaporation,05-31-2464 23:59:00,3256.11,2464,May
1,0,RES8 Willard Bay.Evaporation,06-30-2464 23:59:00,5426.86,2464,June
1,0,RES8 Willard Bay.Evaporation,07-31-2464 23:59:00,7980.38,2464,July
1,0,RES8 Willard Bay.Evaporation,08-31-2464 23:59:00,6873.27,2464,August
1,0,RES8 Willard Bay.Evaporation,09-30-2464 23:59:00,4009.79,2464,September
1,0,RES8 Willard Bay.Evaporation,10-31-2464 23:59:00,1755.54,2464,October
1,0,RES8 Willard Bay.Evaporation,11-30-2464 23:59:00,0,2464,November
1,0,RES8 Willard Bay.Evaporation,12-31-2464 23:59:00,0,2464,December
1,0,RES8 Willard Bay.Evaporation,01-31-2465 23:59:00,0,2465,January
1,0,RES8 Willard Bay.Evaporation,02-28-2465 23:59:00,0,2465,February
1,0,RES8 Willard Bay.Evaporation,03-31-2465 23:59:00,197.34,2465,March
1,0,RES8 Willard Bay.Evaporation,04-30-2465 23:59:00,1480.05,2465,April
1,0,RES8 Willard Bay.Evaporation,05-31-2465 23:59:00,3256.11,2465,May
1,0,RES8 Willard Bay.Evaporation,06-30-2465 23:59:00,5426.86,2465,June
1,0,RES8 Willard Bay.Evaporation,07-31-2465 23:59:00,7980.4,2465,July
1,0,RES8 Willard Bay.Evaporation,08-31-2465 23:59:00,6873.61,2465,August
1,0,RES8 Willard Bay.Evaporation,09-30-2465 23:59:00,4010.65,2465,September
1,0,RES8 Willard Bay.Evaporation,10-31-2465 23:59:00,1756.6,2465,October
1,0,RES8 Willard Bay.Evaporation,11-30-2465 23:59:00,0,2465,November
1,0,RES8 Willard Bay.Evaporation,12-31-2465 23:59:00,0,2465,December
1,0,RES8 Willard Bay.Evaporation,01-31-2466 23:59:00,0,2466,January
1,0,RES8 Willard Bay.Evaporation,02-28-2466 23:59:00,0,2466,February
1,0,RES8 Willard Bay.Evaporation,03-31-2466 23:59:00,197.34,2466,March
1,0,RES8 Willard Bay.Evaporation,04-30-2466 23:59:00,1480.05,2466,April
1,0,RES8 Willard Bay.Evaporation,05-31-2466 23:59:00,3256.11,2466,May
1,0,RES8 Willard Bay.Evaporation,06-30-2466 23:59:00,5426.86,2466,June
1,0,RES8 Willard Bay.Evaporation,07-31-2466 23:59:00,7980.39,2466,July
1,0,RES8 Willard Bay.Evaporation,08-31-2466 23:59:00,6873.37,2466,August
1,0,RES8 Willard Bay.Evaporation,09-30-2466 23:59:00,4009.84,2466,September
1,0,RES8 Willard Bay.Evaporation,10-31-2466 23:59:00,1758.26,2466,October
1,0,RES8 Willard Bay.Evaporation,11-30-2466 23:59:00,0,2466,November
1,0,RES8 Willard Bay.Evaporation,12-31-2466 23:59:00,0,2466,December
1,0,RES8 Willard Bay.Evaporation,01-31-2467 23:59:00,0,2467,January
1,0,RES8 Willard Bay.Evaporation,02-28-2467 23:59:00,0,2467,February
1,0,RES8 Willard Bay.Evaporation,03-31-2467 23:59:00,197.34,2467,March
1,0,RES8 Willard Bay.Evaporation,04-30-2467 23:59:00,1480.05,2467,April
1,0,RES8 Willard Bay.Evaporation,05-31-2467 23:59:00,3256.11,2467,May
1,0,RES8 Willard Bay.Evaporation,06-30-2467 23:59:00,5426.87,2467,June
1,0,RES8 Willard Bay.Evaporation,07-31-2467 23:59:00,7992.3,2467,July
1,0,RES8 Willard Bay.Evaporation,08-31-2467 23:59:00,6904.02,2467,August
1,0,RES8 Willard Bay.Evaporation,09-30-2467 23:59:00,4042.62,2467,September
1,0,RES8 Willard Bay.Evaporation,10-31-2467 23:59:00,1775.56,2467,October
1,0,RES8 Willard Bay.Evaporation,11-30-2467 23:59:00,0,2467,November
1,0,RES8 Willard Bay.Evaporation,12-31-2467 23:59:00,0,2467,December
1,0,RES8 Willard Bay.Evaporation,01-31-2468 23:59:00,0,2468,January
1,0,RES8 Willard Bay.Evaporation,02-29-2468 23:59:00,0,2468,February
1,0,RES8 Willard Bay.Evaporation,03-31-2468 23:59:00,197.34,2468,March
1,0,RES8 Willard Bay.Evaporation,04-30-2468 23:59:00,1480.05,2468,April
1,0,RES8 Willard Bay.Evaporation,05-31-2468 23:59:00,3256.11,2468,May
1,0,RES8 Willard Bay.Evaporation,06-30-2468 23:59:00,5426.87,2468,June
1,0,RES8 Willard Bay.Evaporation,07-31-2468 23:59:00,7992.29,2468,July
1,0,RES8 Willard Bay.Evaporation,08-31-2468 23:59:00,6898.22,2468,August
1,0,RES8 Willard Bay.Evaporation,09-30-2468 23:59:00,4029.4,2468,September
1,0,RES8 Willard Bay.Evaporation,10-31-2468 23:59:00,1770.74,2468,October
1,0,RES8 Willard Bay.Evaporation,11-30-2468 23:59:00,0,2468,November
1,0,RES8 Willard Bay.Evaporation,12-31-2468 23:59:00,0,2468,December
1,0,RES8 Willard Bay.Evaporation,01-31-2469 23:59:00,0,2469,January
1,0,RES8 Willard Bay.Evaporation,02-28-2469 23:59:00,0,2469,February
1,0,RES8 Willard Bay.Evaporation,03-31-2469 23:59:00,197.34,2469,March
1,0,RES8 Willard Bay.Evaporation,04-30-2469 23:59:00,1480.05,2469,April
1,0,RES8 Willard Bay.Evaporation,05-31-2469 23:59:00,3256.11,2469,May
1,0,RES8 Willard Bay.Evaporation,06-30-2469 23:59:00,5426.86,2469,June
1,0,RES8 Willard Bay.Evaporation,07-31-2469 23:59:00,7980.39,2469,July
1,0,RES8 Willard Bay.Evaporation,08-31-2469 23:59:00,6872.93,2469,August
1,0,RES8 Willard Bay.Evaporation,09-30-2469 23:59:00,4009.12,2469,September
1,0,RES8 Willard Bay.Evaporation,10-31-2469 23:59:00,1753.57,2469,October
1,0,RES8 Willard Bay.Evaporation,11-30-2469 23:59:00,0,2469,November
1,0,RES8 Willard Bay.Evaporation,12-31-2469 23:59:00,0,2469,December
1,0,RES8 Willard Bay.Evaporation,01-31-2470 23:59:00,0,2470,January
1,0,RES8 Willard Bay.Evaporation,02-28-2470 23:59:00,0,2470,February
1,0,RES8 Willard Bay.Evaporation,03-31-2470 23:59:00,197.34,2470,March
1,0,RES8 Willard Bay.Evaporation,04-30-2470 23:59:00,1480.05,2470,April
1,0,RES8 Willard Bay.Evaporation,05-31-2470 23:59:00,3256.11,2470,May
1,0,RES8 Willard Bay.Evaporation,06-30-2470 23:59:00,5426.85,2470,June
1,0,RES8 Willard Bay.Evaporation,07-31-2470 23:59:00,7978.99,2470,July
1,0,RES8 Willard Bay.Evaporation,08-31-2470 23:59:00,6863.83,2470,August
1,0,RES8 Willard Bay.Evaporation,09-30-2470 23:59:00,3993.24,2470,September
1,0,RES8 Willard Bay.Evaporation,10-31-2470 23:59:00,1741.29,2470,October
1,0,RES8 Willard Bay.Evaporation,11-30-2470 23:59:00,0,2470,November
1,0,RES8 Willard Bay.Evaporation,12-31-2470 23:59:00,0,2470,December
1,0,RES8 Willard Bay.Evaporation,01-31-2471 23:59:00,0,2471,January
1,0,RES8 Willard Bay.Evaporation,02-28-2471 23:59:00,0,2471,February
1,0,RES8 Willard Bay.Evaporation,03-31-2471 23:59:00,196.336,2471,March
1,0,RES8 Willard Bay.Evaporation,04-30-2471 23:59:00,1478.96,2471,April
1,0,RES8 Willard Bay.Evaporation,05-31-2471 23:59:00,3256.11,2471,May
1,0,RES8 Willard Bay.Evaporation,06-30-2471 23:59:00,5426.87,2471,June
1,0,RES8 Willard Bay.Evaporation,07-31-2471 23:59:00,7992.29,2471,July
1,0,RES8 Willard Bay.Evaporation,08-31-2471 23:59:00,6898.22,2471,August
1,0,RES8 Willard Bay.Evaporation,09-30-2471 23:59:00,4029.39,2471,September
1,0,RES8 Willard Bay.Evaporation,10-31-2471 23:59:00,1769.31,2471,October
1,0,RES8 Willard Bay.Evaporation,11-30-2471 23:59:00,0,2471,November
1,0,RES8 Willard Bay.Evaporation,12-31-2471 23:59:00,0,2471,December
1,0,RES8 Willard Bay.Evaporation,01-31-2472 23:59:00,0,2472,January
1,0,RES8 Willard Bay.Evaporation,02-29-2472 23:59:00,0,2472,February
1,0,RES8 Willard Bay.Evaporation,03-31-2472 23:59:00,197.34,2472,March
1,0,RES8 Willard Bay.Evaporation,04-30-2472 23:59:00,1480.05,2472,April
1,0,RES8 Willard Bay.Evaporation,05-31-2472 23:59:00,3256.11,2472,May
1,0,RES8 Willard Bay.Evaporation,06-30-2472 23:59:00,5426.87,2472,June
1,0,RES8 Willard Bay.Evaporation,07-31-2472 23:59:00,7985.5,2472,July
1,0,RES8 Willard Bay.Evaporation,08-31-2472 23:59:00,6883.92,2472,August
1,0,RES8 Willard Bay.Evaporation,09-30-2472 23:59:00,4020.78,2472,September
1,0,RES8 Willard Bay.Evaporation,10-31-2472 23:59:00,1766.05,2472,October
1,0,RES8 Willard Bay.Evaporation,11-30-2472 23:59:00,0,2472,November
1,0,RES8 Willard Bay.Evaporation,12-31-2472 23:59:00,0,2472,December
1,0,RES8 Willard Bay.Evaporation,01-31-2473 23:59:00,0,2473,January
1,0,RES8 Willard Bay.Evaporation,02-28-2473 23:59:00,0,2473,February
1,0,RES8 Willard Bay.Evaporation,03-31-2473 23:59:00,197.34,2473,March
1,0,RES8 Willard Bay.Evaporation,04-30-2473 23:59:00,1480.05,2473,April
1,0,RES8 Willard Bay.Evaporation,05-31-2473 23:59:00,3256.11,2473,May
1,0,RES8 Willard Bay.Evaporation,06-30-2473 23:59:00,5426.87,2473,June
1,0,RES8 Willard Bay.Evaporation,07-31-2473 23:59:00,7980.41,2473,July
1,0,RES8 Willard Bay.Evaporation,08-31-2473 23:59:00,6874.44,2473,August
1,0,RES8 Willard Bay.Evaporation,09-30-2473 23:59:00,4014.73,2473,September
1,0,RES8 Willard Bay.Evaporation,10-31-2473 23:59:00,1759.13,2473,October
1,0,RES8 Willard Bay.Evaporation,11-30-2473 23:59:00,0,2473,November
1,0,RES8 Willard Bay.Evaporation,12-31-2473 23:59:00,0,2473,December
1,0,RES8 Willard Bay.Evaporation,01-31-2474 23:59:00,0,2474,January
1,0,RES8 Willard Bay.Evaporation,02-28-2474 23:59:00,0,2474,February
1,0,RES8 Willard Bay.Evaporation,03-31-2474 23:59:00,197.34,2474,March
1,0,RES8 Willard Bay.Evaporation,04-30-2474 23:59:00,1480.05,2474,April
1,0,RES8 Willard Bay.Evaporation,05-31-2474 23:59:00,3256.11,2474,May
1,0,RES8 Willard Bay.Evaporation,06-30-2474 23:59:00,5426.85,2474,June
1,0,RES8 Willard Bay.Evaporation,07-31-2474 23:59:00,7980.37,2474,July
1,0,RES8 Willard Bay.Evaporation,08-31-2474 23:59:00,6870.12,2474,August
1,0,RES8 Willard Bay.Evaporation,09-30-2474 23:59:00,4001.6,2474,September
1,0,RES8 Willard Bay.Evaporation,10-31-2474 23:59:00,1747.11,2474,October
1,0,RES8 Willard Bay.Evaporation,11-30-2474 23:59:00,0,2474,November
1,0,RES8 Willard Bay.Evaporation,12-31-2474 23:59:00,0,2474,December
1,0,RES8 Willard Bay.Evaporation,01-31-2475 23:59:00,0,2475,January
1,0,RES8 Willard Bay.Evaporation,02-28-2475 23:59:00,0,2475,February
1,0,RES8 Willard Bay.Evaporation,03-31-2475 23:59:00,196.419,2475,March
1,0,RES8 Willard Bay.Evaporation,04-30-2475 23:59:00,1478.69,2475,April
1,0,RES8 Willard Bay.Evaporation,05-31-2475 23:59:00,3252.53,2475,May
1,0,RES8 Willard Bay.Evaporation,06-30-2475 23:59:00,5409.35,2475,June
1,0,RES8 Willard Bay.Evaporation,07-31-2475 23:59:00,7941.91,2475,July
1,0,RES8 Willard Bay.Evaporation,08-31-2475 23:59:00,6815.91,2475,August
1,0,RES8 Willard Bay.Evaporation,09-30-2475 23:59:00,3938.47,2475,September
1,0,RES8 Willard Bay.Evaporation,10-31-2475 23:59:00,1707.31,2475,October
1,0,RES8 Willard Bay.Evaporation,11-30-2475 23:59:00,0,2475,November
1,0,RES8 Willard Bay.Evaporation,12-31-2475 23:59:00,0,2475,December
1,0,RES8 Willard Bay.Evaporation,01-31-2476 23:59:00,0,2476,January
1,0,RES8 Willard Bay.Evaporation,02-29-2476 23:59:00,0,2476,February
1,0,RES8 Willard Bay.Evaporation,03-31-2476 23:59:00,194.941,2476,March
1,0,RES8 Willard Bay.Evaporation,04-30-2476 23:59:00,1475.01,2476,April
1,0,RES8 Willard Bay.Evaporation,05-31-2476 23:59:00,3256.11,2476,May
1,0,RES8 Willard Bay.Evaporation,06-30-2476 23:59:00,5426.87,2476,June
1,0,RES8 Willard Bay.Evaporation,07-31-2476 23:59:00,7980.41,2476,July
1,0,RES8 Willard Bay.Evaporation,08-31-2476 23:59:00,6874.44,2476,August
1,0,RES8 Willard Bay.Evaporation,09-30-2476 23:59:00,4014.73,2476,September
1,0,RES8 Willard Bay.Evaporation,10-31-2476 23:59:00,1760.03,2476,October
1,0,RES8 Willard Bay.Evaporation,11-30-2476 23:59:00,0,2476,November
1,0,RES8 Willard Bay.Evaporation,12-31-2476 23:59:00,0,2476,December
1,0,RES8 Willard Bay.Evaporation,01-31-2477 23:59:00,0,2477,January
1,0,RES8 Willard Bay.Evaporation,02-28-2477 23:59:00,0,2477,February
1,0,RES8 Willard Bay.Evaporation,03-31-2477 23:59:00,197.34,2477,March
1,0,RES8 Willard Bay.Evaporation,04-30-2477 23:59:00,1480.05,2477,April
1,0,RES8 Willard Bay.Evaporation,05-31-2477 23:59:00,3256.11,2477,May
1,0,RES8 Willard Bay.Evaporation,06-30-2477 23:59:00,5426.87,2477,June
1,0,RES8 Willard Bay.Evaporation,07-31-2477 23:59:00,7982.16,2477,July
1,0,RES8 Willard Bay.Evaporation,08-31-2477 23:59:00,6877.2,2477,August
1,0,RES8 Willard Bay.Evaporation,09-30-2477 23:59:00,4016.55,2477,September
1,0,RES8 Willard Bay.Evaporation,10-31-2477 23:59:00,1762.2,2477,October
1,0,RES8 Willard Bay.Evaporation,11-30-2477 23:59:00,0,2477,November
1,0,RES8 Willard Bay.Evaporation,12-31-2477 23:59:00,0,2477,December
1,0,RES8 Willard Bay.Evaporation,01-31-2478 23:59:00,0,2478,January
1,0,RES8 Willard Bay.Evaporation,02-28-2478 23:59:00,0,2478,February
1,0,RES8 Willard Bay.Evaporation,03-31-2478 23:59:00,197.34,2478,March
1,0,RES8 Willard Bay.Evaporation,04-30-2478 23:59:00,1480.05,2478,April
1,0,RES8 Willard Bay.Evaporation,05-31-2478 23:59:00,3256.11,2478,May
1,0,RES8 Willard Bay.Evaporation,06-30-2478 23:59:00,5426.86,2478,June
1,0,RES8 Willard Bay.Evaporation,07-31-2478 23:59:00,7983.25,2478,July
1,0,RES8 Willard Bay.Evaporation,08-31-2478 23:59:00,6879.09,2478,August
1,0,RES8 Willard Bay.Evaporation,09-30-2478 23:59:00,4017.94,2478,September
1,0,RES8 Willard Bay.Evaporation,10-31-2478 23:59:00,1763.5,2478,October
1,0,RES8 Willard Bay.Evaporation,11-30-2478 23:59:00,0,2478,November
1,0,RES8 Willard Bay.Evaporation,12-31-2478 23:59:00,0,2478,December
1,0,RES8 Willard Bay.Evaporation,01-31-2479 23:59:00,0,2479,January
1,0,RES8 Willard Bay.Evaporation,02-28-2479 23:59:00,0,2479,February
1,0,RES8 Willard Bay.Evaporation,03-31-2479 23:59:00,197.34,2479,March
1,0,RES8 Willard Bay.Evaporation,04-30-2479 23:59:00,1480.05,2479,April
1,0,RES8 Willard Bay.Evaporation,05-31-2479 23:59:00,3256.11,2479,May
1,0,RES8 Willard Bay.Evaporation,06-30-2479 23:59:00,5426.87,2479,June
1,0,RES8 Willard Bay.Evaporation,07-31-2479 23:59:00,7992.3,2479,July
1,0,RES8 Willard Bay.Evaporation,08-31-2479 23:59:00,6899.75,2479,August
1,0,RES8 Willard Bay.Evaporation,09-30-2479 23:59:00,4031.63,2479,September
1,0,RES8 Willard Bay.Evaporation,10-31-2479 23:59:00,1768.27,2479,October
1,0,RES8 Willard Bay.Evaporation,11-30-2479 23:59:00,0,2479,November
1,0,RES8 Willard Bay.Evaporation,12-31-2479 23:59:00,0,2479,December
1,0,RES8 Willard Bay.Evaporation,01-31-2480 23:59:00,0,2480,January
1,0,RES8 Willard Bay.Evaporation,02-29-2480 23:59:00,0,2480,February
1,0,RES8 Willard Bay.Evaporation,03-31-2480 23:59:00,197.34,2480,March
1,0,RES8 Willard Bay.Evaporation,04-30-2480 23:59:00,1480.05,2480,April
1,0,RES8 Willard Bay.Evaporation,05-31-2480 23:59:00,3256.11,2480,May
1,0,RES8 Willard Bay.Evaporation,06-30-2480 23:59:00,5426.85,2480,June
1,0,RES8 Willard Bay.Evaporation,07-31-2480 23:59:00,7980.38,2480,July
1,0,RES8 Willard Bay.Evaporation,08-31-2480 23:59:00,6872.99,2480,August
1,0,RES8 Willard Bay.Evaporation,09-30-2480 23:59:00,4009.08,2480,September
1,0,RES8 Willard Bay.Evaporation,10-31-2480 23:59:00,1754.53,2480,October
1,0,RES8 Willard Bay.Evaporation,11-30-2480 23:59:00,0,2480,November
1,0,RES8 Willard Bay.Evaporation,12-31-2480 23:59:00,0,2480,December
1,0,RES8 Willard Bay.Evaporation,01-31-2481 23:59:00,0,2481,January
1,0,RES8 Willard Bay.Evaporation,02-28-2481 23:59:00,0,2481,February
1,0,RES8 Willard Bay.Evaporation,03-31-2481 23:59:00,197.34,2481,March
1,0,RES8 Willard Bay.Evaporation,04-30-2481 23:59:00,1480.05,2481,April
1,0,RES8 Willard Bay.Evaporation,05-31-2481 23:59:00,3256.11,2481,May
1,0,RES8 Willard Bay.Evaporation,06-30-2481 23:59:00,5426.86,2481,June
1,0,RES8 Willard Bay.Evaporation,07-31-2481 23:59:00,7980.41,2481,July
1,0,RES8 Willard Bay.Evaporation,08-31-2481 23:59:00,6873.85,2481,August
1,0,RES8 Willard Bay.Evaporation,09-30-2481 23:59:00,4011.59,2481,September
1,0,RES8 Willard Bay.Evaporation,10-31-2481 23:59:00,1755.49,2481,October
1,0,RES8 Willard Bay.Evaporation,11-30-2481 23:59:00,0,2481,November
1,0,RES8 Willard Bay.Evaporation,12-31-2481 23:59:00,0,2481,December
1,0,RES8 Willard Bay.Evaporation,01-31-2482 23:59:00,0,2482,January
1,0,RES8 Willard Bay.Evaporation,02-28-2482 23:59:00,0,2482,February
1,0,RES8 Willard Bay.Evaporation,03-31-2482 23:59:00,197.34,2482,March
1,0,RES8 Willard Bay.Evaporation,04-30-2482 23:59:00,1480.05,2482,April
1,0,RES8 Willard Bay.Evaporation,05-31-2482 23:59:00,3254.87,2482,May
1,0,RES8 Willard Bay.Evaporation,06-30-2482 23:59:00,5419.35,2482,June
1,0,RES8 Willard Bay.Evaporation,07-31-2482 23:59:00,7958.84,2482,July
1,0,RES8 Willard Bay.Evaporation,08-31-2482 23:59:00,6839.59,2482,August
1,0,RES8 Willard Bay.Evaporation,09-30-2482 23:59:00,3965.32,2482,September
1,0,RES8 Willard Bay.Evaporation,10-31-2482 23:59:00,1722.13,2482,October
1,0,RES8 Willard Bay.Evaporation,11-30-2482 23:59:00,0,2482,November
1,0,RES8 Willard Bay.Evaporation,12-31-2482 23:59:00,0,2482,December
1,0,RES8 Willard Bay.Evaporation,01-31-2483 23:59:00,0,2483,January
1,0,RES8 Willard Bay.Evaporation,02-28-2483 23:59:00,0,2483,February
1,0,RES8 Willard Bay.Evaporation,03-31-2483 23:59:00,195.783,2483,March
1,0,RES8 Willard Bay.Evaporation,04-30-2483 23:59:00,1477.66,2483,April
1,0,RES8 Willard Bay.Evaporation,05-31-2483 23:59:00,3256.11,2483,May
1,0,RES8 Willard Bay.Evaporation,06-30-2483 23:59:00,5426.87,2483,June
1,0,RES8 Willard Bay.Evaporation,07-31-2483 23:59:00,7989.24,2483,July
1,0,RES8 Willard Bay.Evaporation,08-31-2483 23:59:00,6892,2483,August
1,0,RES8 Willard Bay.Evaporation,09-30-2483 23:59:00,4025.52,2483,September
1,0,RES8 Willard Bay.Evaporation,10-31-2483 23:59:00,1765.82,2483,October
1,0,RES8 Willard Bay.Evaporation,11-30-2483 23:59:00,0,2483,November
1,0,RES8 Willard Bay.Evaporation,12-31-2483 23:59:00,0,2483,December
1,0,RES8 Willard Bay.Evaporation,01-31-2484 23:59:00,0,2484,January
1,0,RES8 Willard Bay.Evaporation,02-29-2484 23:59:00,0,2484,February
1,0,RES8 Willard Bay.Evaporation,03-31-2484 23:59:00,197.34,2484,March
1,0,RES8 Willard Bay.Evaporation,04-30-2484 23:59:00,1480.05,2484,April
1,0,RES8 Willard Bay.Evaporation,05-31-2484 23:59:00,3256.11,2484,May
1,0,RES8 Willard Bay.Evaporation,06-30-2484 23:59:00,5426.87,2484,June
1,0,RES8 Willard Bay.Evaporation,07-31-2484 23:59:00,7986.83,2484,July
1,0,RES8 Willard Bay.Evaporation,08-31-2484 23:59:00,6886.79,2484,August
1,0,RES8 Willard Bay.Evaporation,09-30-2484 23:59:00,4022.46,2484,September
1,0,RES8 Willard Bay.Evaporation,10-31-2484 23:59:00,1763.71,2484,October
1,0,RES8 Willard Bay.Evaporation,11-30-2484 23:59:00,0,2484,November
1,0,RES8 Willard Bay.Evaporation,12-31-2484 23:59:00,0,2484,December
1,0,RES8 Willard Bay.Evaporation,01-31-2485 23:59:00,0,2485,January
1,0,RES8 Willard Bay.Evaporation,02-28-2485 23:59:00,0,2485,February
1,0,RES8 Willard Bay.Evaporation,03-31-2485 23:59:00,197.34,2485,March
1,0,RES8 Willard Bay.Evaporation,04-30-2485 23:59:00,1480.05,2485,April
1,0,RES8 Willard Bay.Evaporation,05-31-2485 23:59:00,3256.11,2485,May
1,0,RES8 Willard Bay.Evaporation,06-30-2485 23:59:00,5426.87,2485,June
1,0,RES8 Willard Bay.Evaporation,07-31-2485 23:59:00,7992.28,2485,July
1,0,RES8 Willard Bay.Evaporation,08-31-2485 23:59:00,6898.21,2485,August
1,0,RES8 Willard Bay.Evaporation,09-30-2485 23:59:00,4029.39,2485,September
1,0,RES8 Willard Bay.Evaporation,10-31-2485 23:59:00,1770.14,2485,October
1,0,RES8 Willard Bay.Evaporation,11-30-2485 23:59:00,0,2485,November
1,0,RES8 Willard Bay.Evaporation,12-31-2485 23:59:00,0,2485,December
1,0,RES8 Willard Bay.Evaporation,01-31-2486 23:59:00,0,2486,January
1,0,RES8 Willard Bay.Evaporation,02-28-2486 23:59:00,0,2486,February
1,0,RES8 Willard Bay.Evaporation,03-31-2486 23:59:00,197.34,2486,March
1,0,RES8 Willard Bay.Evaporation,04-30-2486 23:59:00,1480.05,2486,April
1,0,RES8 Willard Bay.Evaporation,05-31-2486 23:59:00,3256.11,2486,May
1,0,RES8 Willard Bay.Evaporation,06-30-2486 23:59:00,5426.87,2486,June
1,0,RES8 Willard Bay.Evaporation,07-31-2486 23:59:00,7992.3,2486,July
1,0,RES8 Willard Bay.Evaporation,08-31-2486 23:59:00,6901.28,2486,August
1,0,RES8 Willard Bay.Evaporation,09-30-2486 23:59:00,4034.93,2486,September
1,0,RES8 Willard Bay.Evaporation,10-31-2486 23:59:00,1772.88,2486,October
1,0,RES8 Willard Bay.Evaporation,11-30-2486 23:59:00,0,2486,November
1,0,RES8 Willard Bay.Evaporation,12-31-2486 23:59:00,0,2486,December
1,0,RES8 Willard Bay.Evaporation,01-31-2487 23:59:00,0,2487,January
1,0,RES8 Willard Bay.Evaporation,02-28-2487 23:59:00,0,2487,February
1,0,RES8 Willard Bay.Evaporation,03-31-2487 23:59:00,197.34,2487,March
1,0,RES8 Willard Bay.Evaporation,04-30-2487 23:59:00,1480.05,2487,April
1,0,RES8 Willard Bay.Evaporation,05-31-2487 23:59:00,3256.11,2487,May
1,0,RES8 Willard Bay.Evaporation,06-30-2487 23:59:00,5426.87,2487,June
1,0,RES8 Willard Bay.Evaporation,07-31-2487 23:59:00,7984.73,2487,July
1,0,RES8 Willard Bay.Evaporation,08-31-2487 23:59:00,6882.26,2487,August
1,0,RES8 Willard Bay.Evaporation,09-30-2487 23:59:00,4019.8,2487,September
1,0,RES8 Willard Bay.Evaporation,10-31-2487 23:59:00,1762.94,2487,October
1,0,RES8 Willard Bay.Evaporation,11-30-2487 23:59:00,0,2487,November
1,0,RES8 Willard Bay.Evaporation,12-31-2487 23:59:00,0,2487,December
1,0,RES8 Willard Bay.Evaporation,01-31-2488 23:59:00,0,2488,January
1,0,RES8 Willard Bay.Evaporation,02-29-2488 23:59:00,0,2488,February
1,0,RES8 Willard Bay.Evaporation,03-31-2488 23:59:00,197.34,2488,March
1,0,RES8 Willard Bay.Evaporation,04-30-2488 23:59:00,1480.05,2488,April
1,0,RES8 Willard Bay.Evaporation,05-31-2488 23:59:00,3256.11,2488,May
1,0,RES8 Willard Bay.Evaporation,06-30-2488 23:59:00,5426.86,2488,June
1,0,RES8 Willard Bay.Evaporation,07-31-2488 23:59:00,7981.5,2488,July
1,0,RES8 Willard Bay.Evaporation,08-31-2488 23:59:00,6876.07,2488,August
1,0,RES8 Willard Bay.Evaporation,09-30-2488 23:59:00,4015.72,2488,September
1,0,RES8 Willard Bay.Evaporation,10-31-2488 23:59:00,1761.66,2488,October
1,0,RES8 Willard Bay.Evaporation,11-30-2488 23:59:00,0,2488,November
1,0,RES8 Willard Bay.Evaporation,12-31-2488 23:59:00,0,2488,December
1,0,RES8 Willard Bay.Evaporation,01-31-2489 23:59:00,0,2489,January
1,0,RES8 Willard Bay.Evaporation,02-28-2489 23:59:00,0,2489,February
1,0,RES8 Willard Bay.Evaporation,03-31-2489 23:59:00,197.34,2489,March
1,0,RES8 Willard Bay.Evaporation,04-30-2489 23:59:00,1480.05,2489,April
1,0,RES8 Willard Bay.Evaporation,05-31-2489 23:59:00,3256.11,2489,May
1,0,RES8 Willard Bay.Evaporation,06-30-2489 23:59:00,5426.86,2489,June
1,0,RES8 Willard Bay.Evaporation,07-31-2489 23:59:00,7992.3,2489,July
1,0,RES8 Willard Bay.Evaporation,08-31-2489 23:59:00,6898.24,2489,August
1,0,RES8 Willard Bay.Evaporation,09-30-2489 23:59:00,4029.4,2489,September
1,0,RES8 Willard Bay.Storage,11-30-2459 23:59:00,145116,2459,November
1,0,RES8 Willard Bay.Storage,12-31-2459 23:59:00,154547,2459,December
1,0,RES8 Willard Bay.Storage,01-31-2460 23:59:00,159111,2460,January
1,0,RES8 Willard Bay.Storage,02-29-2460 23:59:00,159111,2460,February
1,0,RES8 Willard Bay.Storage,03-31-2460 23:59:00,159112,2460,March
1,0,RES8 Willard Bay.Storage,04-30-2460 23:59:00,159118,2460,April
1,0,RES8 Willard Bay.Storage,05-31-2460 23:59:00,159125,2460,May
1,0,RES8 Willard Bay.Storage,06-30-2460 23:59:00,159125,2460,June
1,0,RES8 Willard Bay.Storage,07-31-2460 23:59:00,145041,2460,July
1,0,RES8 Willard Bay.Storage,08-31-2460 23:59:00,132155,2460,August
1,0,RES8 Willard Bay.Storage,09-30-2460 23:59:00,119539,2460,September
1,0,RES8 Willard Bay.Storage,10-31-2460 23:59:00,123940,2460,October
1,0,RES8 Willard Bay.Storage,11-30-2460 23:59:00,138119,2460,November
1,0,RES8 Willard Bay.Storage,12-31-2460 23:59:00,157666,2460,December
1,0,RES8 Willard Bay.Storage,01-31-2461 23:59:00,159111,2461,January
1,0,RES8 Willard Bay.Storage,02-28-2461 23:59:00,159111,2461,February
1,0,RES8 Willard Bay.Storage,03-31-2461 23:59:00,159112,2461,March
1,0,RES8 Willard Bay.Storage,04-30-2461 23:59:00,159118,2461,April
1,0,RES8 Willard Bay.Storage,05-31-2461 23:59:00,159125,2461,May
1,0,RES8 Willard Bay.Storage,06-30-2461 23:59:00,159127,2461,June
1,0,RES8 Willard Bay.Storage,07-31-2461 23:59:00,145043,2461,July
1,0,RES8 Willard Bay.Storage,08-31-2461 23:59:00,132841,2461,August
1,0,RES8 Willard Bay.Storage,09-30-2461 23:59:00,123060,2461,September
1,0,RES8 Willard Bay.Storage,10-31-2461 23:59:00,128134,2461,October
1,0,RES8 Willard Bay.Storage,11-30-2461 23:59:00,142654,2461,November
1,0,RES8 Willard Bay.Storage,12-31-2461 23:59:00,159111,2461,December
1,0,RES8 Willard Bay.Storage,01-31-2462 23:59:00,159111,2462,January
1,0,RES8 Willard Bay.Storage,02-28-2462 23:59:00,159111,2462,February
1,0,RES8 Willard Bay.Storage,03-31-2462 23:59:00,159112,2462,March
1,0,RES8 Willard Bay.Storage,04-30-2462 23:59:00,159118,2462,April
1,0,RES8 Willard Bay.Storage,05-31-2462 23:59:00,159125,2462,May
1,0,RES8 Willard Bay.Storage,06-30-2462 23:59:00,159113,2462,June
1,0,RES8 Willard Bay.Storage,07-31-2462 23:59:00,152890,2462,July
1,0,RES8 Willard Bay.Storage,08-31-2462 23:59:00,140675,2462,August
1,0,RES8 Willard Bay.Storage,09-30-2462 23:59:00,130886,2462,September
1,0,RES8 Willard Bay.Storage,10-31-2462 23:59:00,136799,2462,October
1,0,RES8 Willard Bay.Storage,11-30-2462 23:59:00,152457,2462,November
1,0,RES8 Willard Bay.Storage,12-31-2462 23:59:00,159111,2462,December
1,0,RES8 Willard Bay.Storage,01-31-2463 23:59:00,159111,2463,January
1,0,RES8 Willard Bay.Storage,02-28-2463 23:59:00,159111,2463,February
1,0,RES8 Willard Bay.Storage,03-31-2463 23:59:00,159112,2463,March
1,0,RES8 Willard Bay.Storage,04-30-2463 23:59:00,159118,2463,April
1,0,RES8 Willard Bay.Storage,05-31-2463 23:59:00,159125,2463,May
1,0,RES8 Willard Bay.Storage,06-30-2463 23:59:00,159133,2463,June
1,0,RES8 Willard Bay.Storage,07-31-2463 23:59:00,159112,2463,July
1,0,RES8 Willard Bay.Storage,08-31-2463 23:59:00,146886,2463,August
1,0,RES8 Willard Bay.Storage,09-30-2463 23:59:00,137102,2463,September
1,0,RES8 Willard Bay.Storage,10-31-2463 23:59:00,144275,2463,October
1,0,RES8 Willard Bay.Storage,11-30-2463 23:59:00,159111,2463,November
1,0,RES8 Willard Bay.Storage,12-31-2463 23:59:00,159111,2463,December
1,0,RES8 Willard Bay.Storage,01-31-2464 23:59:00,159111,2464,January
1,0,RES8 Willard Bay.Storage,02-29-2464 23:59:00,159111,2464,February
1,0,RES8 Willard Bay.Storage,03-31-2464 23:59:00,159112,2464,March
1,0,RES8 Willard Bay.Storage,04-30-2464 23:59:00,159118,2464,April
1,0,RES8 Willard Bay.Storage,05-31-2464 23:59:00,159125,2464,May
1,0,RES8 Willard Bay.Storage,06-30-2464 23:59:00,159121,2464,June
1,0,RES8 Willard Bay.Storage,07-31-2464 23:59:00,145037,2464,July
1,0,RES8 Willard Bay.Storage,08-31-2464 23:59:00,131220,2464,August
1,0,RES8 Willard Bay.Storage,09-30-2464 23:59:00,116326,2464,September
1,0,RES8 Willard Bay.Storage,10-31-2464 23:59:00,113089,2464,October
1,0,RES8 Willard Bay.Storage,11-30-2464 23:59:00,117589,2464,November
1,0,RES8 Willard Bay.Storage,12-31-2464 23:59:00,131830,2464,December
1,0,RES8 Willard Bay.Storage,01-31-2465 23:59:00,152431,2465,January
1,0,RES8 Willard Bay.Storage,02-28-2465 23:59:00,159111,2465,February
1,0,RES8 Willard Bay.Storage,03-31-2465 23:59:00,159112,2465,March
1,0,RES8 Willard Bay.Storage,04-30-2465 23:59:00,159118,2465,April
1,0,RES8 Willard Bay.Storage,05-31-2465 23:59:00,159125,2465,May
1,0,RES8 Willard Bay.Storage,06-30-2465 23:59:00,159127,2465,June
1,0,RES8 Willard Bay.Storage,07-31-2465 23:59:00,145043,2465,July
1,0,RES8 Willard Bay.Storage,08-31-2465 23:59:00,131682,2465,August
1,0,RES8 Willard Bay.Storage,09-30-2465 23:59:00,117356,2465,September
1,0,RES8 Willard Bay.Storage,10-31-2465 23:59:00,115152,2465,October
1,0,RES8 Willard Bay.Storage,11-30-2465 23:59:00,120978,2465,November
1,0,RES8 Willard Bay.Storage,12-31-2465 23:59:00,139297,2465,December
1,0,RES8 Willard Bay.Storage,01-31-2466 23:59:00,158763,2466,January
1,0,RES8 Willard Bay.Storage,02-28-2466 23:59:00,159111,2466,February
1,0,RES8 Willard Bay.Storage,03-31-2466 23:59:00,159112,2466,March
1,0,RES8 Willard Bay.Storage,04-30-2466 23:59:00,159118,2466,April
1,0,RES8 Willard Bay.Storage,05-31-2466 23:59:00,159125,2466,May
1,0,RES8 Willard Bay.Storage,06-30-2466 23:59:00,159125,2466,June
1,0,RES8 Willard Bay.Storage,07-31-2466 23:59:00,145041,2466,July
1,0,RES8 Willard Bay.Storage,08-31-2466 23:59:00,131351,2466,August
1,0,RES8 Willard Bay.Storage,09-30-2466 23:59:00,116321,2466,September
1,0,RES8 Willard Bay.Storage,10-31-2466 23:59:00,121805,2466,October
1,0,RES8 Willard Bay.Storage,11-30-2466 23:59:00,130348,2466,November
1,0,RES8 Willard Bay.Storage,12-31-2466 23:59:00,151222,2466,December
1,0,RES8 Willard Bay.Storage,01-31-2467 23:59:00,159111,2467,January
1,0,RES8 Willard Bay.Storage,02-28-2467 23:59:00,159111,2467,February
1,0,RES8 Willard Bay.Storage,03-31-2467 23:59:00,159112,2467,March
1,0,RES8 Willard Bay.Storage,04-30-2467 23:59:00,159118,2467,April
1,0,RES8 Willard Bay.Storage,05-31-2467 23:59:00,159125,2467,May
1,0,RES8 Willard Bay.Storage,06-30-2467 23:59:00,159133,2467,June
1,0,RES8 Willard Bay.Storage,07-31-2467 23:59:00,159138,2467,July
1,0,RES8 Willard Bay.Storage,08-31-2467 23:59:00,155032,2467,August
1,0,RES8 Willard Bay.Storage,09-30-2467 23:59:00,156348,2467,September
1,0,RES8 Willard Bay.Storage,10-31-2467 23:59:00,159115,2467,October
1,0,RES8 Willard Bay.Storage,11-30-2467 23:59:00,159111,2467,November
1,0,RES8 Willard Bay.Storage,12-31-2467 23:59:00,159111,2467,December
1,0,RES8 Willard Bay.Storage,01-31-2468 23:59:00,159111,2468,January
1,0,RES8 Willard Bay.Storage,02-29-2468 23:59:00,159111,2468,February
1,0,RES8 Willard Bay.Storage,03-31-2468 23:59:00,159112,2468,March
1,0,RES8 Willard Bay.Storage,04-30-2468 23:59:00,159118,2468,April
1,0,RES8 Willard Bay.Storage,05-31-2468 23:59:00,159125,2468,May
1,0,RES8 Willard Bay.Storage,06-30-2468 23:59:00,159133,2468,June
1,0,RES8 Willard Bay.Storage,07-31-2468 23:59:00,159120,2468,July
1,0,RES8 Willard Bay.Storage,08-31-2468 23:59:00,146894,2468,August
1,0,RES8 Willard Bay.Storage,09-30-2468 23:59:00,137105,2468,September
1,0,RES8 Willard Bay.Storage,10-31-2468 23:59:00,156366,2468,October
1,0,RES8 Willard Bay.Storage,11-30-2468 23:59:00,159111,2468,November
1,0,RES8 Willard Bay.Storage,12-31-2468 23:59:00,159111,2468,December
1,0,RES8 Willard Bay.Storage,01-31-2469 23:59:00,159111,2469,January
1,0,RES8 Willard Bay.Storage,02-28-2469 23:59:00,159111,2469,February
1,0,RES8 Willard Bay.Storage,03-31-2469 23:59:00,159112,2469,March
1,0,RES8 Willard Bay.Storage,04-30-2469 23:59:00,159118,2469,April
1,0,RES8 Willard Bay.Storage,05-31-2469 23:59:00,159124,2469,May
1,0,RES8 Willard Bay.Storage,06-30-2469 23:59:00,159123,2469,June
1,0,RES8 Willard Bay.Storage,07-31-2469 23:59:00,145039,2469,July
1,0,RES8 Willard Bay.Storage,08-31-2469 23:59:00,130734,2469,August
1,0,RES8 Willard Bay.Storage,09-30-2469 23:59:00,115777,2469,September
1,0,RES8 Willard Bay.Storage,10-31-2469 23:59:00,108305,2469,October
1,0,RES8 Willard Bay.Storage,11-30-2469 23:59:00,112697,2469,November
1,0,RES8 Willard Bay.Storage,12-31-2469 23:59:00,126510,2469,December
1,0,RES8 Willard Bay.Storage,01-31-2470 23:59:00,145091,2470,January
1,0,RES8 Willard Bay.Storage,02-28-2470 23:59:00,159111,2470,February
1,0,RES8 Willard Bay.Storage,03-31-2470 23:59:00,159112,2470,March
1,0,RES8 Willard Bay.Storage,04-30-2470 23:59:00,159118,2470,April
1,0,RES8 Willard Bay.Storage,05-31-2470 23:59:00,159113,2470,May
1,0,RES8 Willard Bay.Storage,06-30-2470 23:59:00,159112,2470,June
1,0,RES8 Willard Bay.Storage,07-31-2470 23:59:00,143918,2470,July
1,0,RES8 Willard Bay.Storage,08-31-2470 23:59:00,121851,2470,August
1,0,RES8 Willard Bay.Storage,09-30-2470 23:59:00,103842,2470,September
1,0,RES8 Willard Bay.Storage,10-31-2470 23:59:00,95195.2,2470,October
1,0,RES8 Willard Bay.Storage,11-30-2470 23:59:00,100349,2470,November
1,0,RES8 Willard Bay.Storage,12-31-2470 23:59:00,107672,2470,December
1,0,RES8 Willard Bay.Storage,01-31-2471 23:59:00,115446,2471,January
1,0,RES8 Willard Bay.Storage,02-28-2471 23:59:00,123294,2471,February
1,0,RES8 Willard Bay.Storage,03-31-2471 23:59:00,151954,2471,March
1,0,RES8 Willard Bay.Storage,04-30-2471 23:59:00,159117,2471,April
1,0,RES8 Willard Bay.Storage,05-31-2471 23:59:00,159125,2471,May
1,0,RES8 Willard Bay.Storage,06-30-2471 23:59:00,159133,2471,June
1,0,RES8 Willard Bay.Storage,07-31-2471 23:59:00,159116,2471,July
1,0,RES8 Willard Bay.Storage,08-31-2471 23:59:00,146890,2471,August
1,0,RES8 Willard Bay.Storage,09-30-2471 23:59:00,137098,2471,September
1,0,RES8 Willard Bay.Storage,10-31-2471 23:59:00,148550,2471,October
1,0,RES8 Willard Bay.Storage,11-30-2471 23:59:00,159111,2471,November
1,0,RES8 Willard Bay.Storage,12-31-2471 23:59:00,159111,2471,December
1,0,RES8 Willard Bay.Storage,01-31-2472 23:59:00,159111,2472,January
1,0,RES8 Willard Bay.Storage,02-29-2472 23:59:00,159111,2472,February
1,0,RES8 Willard Bay.Storage,03-31-2472 23:59:00,159112,2472,March
1,0,RES8 Willard Bay.Storage,04-30-2472 23:59:00,159118,2472,April
1,0,RES8 Willard Bay.Storage,05-31-2472 23:59:00,159125,2472,May
1,0,RES8 Willard Bay.Storage,06-30-2472 23:59:00,159133,2472,June
1,0,RES8 Willard Bay.Storage,07-31-2472 23:59:00,150855,2472,July
1,0,RES8 Willard Bay.Storage,08-31-2472 23:59:00,138643,2472,August
1,0,RES8 Willard Bay.Storage,09-30-2472 23:59:00,128857,2472,September
1,0,RES8 Willard Bay.Storage,10-31-2472 23:59:00,141658,2472,October
1,0,RES8 Willard Bay.Storage,11-30-2472 23:59:00,159111,2472,November
1,0,RES8 Willard Bay.Storage,12-31-2472 23:59:00,159111,2472,December
1,0,RES8 Willard Bay.Storage,01-31-2473 23:59:00,159111,2473,January
1,0,RES8 Willard Bay.Storage,02-28-2473 23:59:00,159111,2473,February
1,0,RES8 Willard Bay.Storage,03-31-2473 23:59:00,159112,2473,March
1,0,RES8 Willard Bay.Storage,04-30-2473 23:59:00,159118,2473,April
1,0,RES8 Willard Bay.Storage,05-31-2473 23:59:00,159125,2473,May
1,0,RES8 Willard Bay.Storage,06-30-2473 23:59:00,159132,2473,June
1,0,RES8 Willard Bay.Storage,07-31-2473 23:59:00,145048,2473,July
1,0,RES8 Willard Bay.Storage,08-31-2473 23:59:00,132846,2473,August
1,0,RES8 Willard Bay.Storage,09-30-2473 23:59:00,123065,2473,September
1,0,RES8 Willard Bay.Storage,10-31-2473 23:59:00,118179,2473,October
1,0,RES8 Willard Bay.Storage,11-30-2473 23:59:00,131599,2473,November
1,0,RES8 Willard Bay.Storage,12-31-2473 23:59:00,150579,2473,December
1,0,RES8 Willard Bay.Storage,01-31-2474 23:59:00,159111,2474,January
1,0,RES8 Willard Bay.Storage,02-28-2474 23:59:00,159111,2474,February
1,0,RES8 Willard Bay.Storage,03-31-2474 23:59:00,159112,2474,March
1,0,RES8 Willard Bay.Storage,04-30-2474 23:59:00,159118,2474,April
1,0,RES8 Willard Bay.Storage,05-31-2474 23:59:00,159114,2474,May
1,0,RES8 Willard Bay.Storage,06-30-2474 23:59:00,159116,2474,June
1,0,RES8 Willard Bay.Storage,07-31-2474 23:59:00,145032,2474,July
1,0,RES8 Willard Bay.Storage,08-31-2474 23:59:00,126812,2474,August
1,0,RES8 Willard Bay.Storage,09-30-2474 23:59:00,108786,2474,September
1,0,RES8 Willard Bay.Storage,10-31-2474 23:59:00,100796,2474,October
1,0,RES8 Willard Bay.Storage,11-30-2474 23:59:00,106287,2474,November
1,0,RES8 Willard Bay.Storage,12-31-2474 23:59:00,113362,2474,December
1,0,RES8 Willard Bay.Storage,01-31-2475 23:59:00,120699,2475,January
1,0,RES8 Willard Bay.Storage,02-28-2475 23:59:00,127653,2475,February
1,0,RES8 Willard Bay.Storage,03-31-2475 23:59:00,150199,2475,March
1,0,RES8 Willard Bay.Storage,04-30-2475 23:59:00,159117,2475,April
1,0,RES8 Willard Bay.Storage,05-31-2475 23:59:00,148424,2475,May
1,0,RES8 Willard Bay.Storage,06-30-2475 23:59:00,140917,2475,June
1,0,RES8 Willard Bay.Storage,07-31-2475 23:59:00,124420,2475,July
1,0,RES8 Willard Bay.Storage,08-31-2475 23:59:00,101733,2475,August
1,0,RES8 Willard Bay.Storage,09-30-2475 23:59:00,81276.6,2475,September
1,0,RES8 Willard Bay.Storage,10-31-2475 23:59:00,73803.3,2475,October
1,0,RES8 Willard Bay.Storage,11-30-2475 23:59:00,78535.2,2475,November
1,0,RES8 Willard Bay.Storage,12-31-2475 23:59:00,86422.5,2475,December
1,0,RES8 Willard Bay.Storage,01-31-2476 23:59:00,93870.5,2476,January
1,0,RES8 Willard Bay.Storage,02-29-2476 23:59:00,102508,2476,February
1,0,RES8 Willard Bay.Storage,03-31-2476 23:59:00,131017,2476,March
1,0,RES8 Willard Bay.Storage,04-30-2476 23:59:00,159116,2476,April
1,0,RES8 Willard Bay.Storage,05-31-2476 23:59:00,159125,2476,May
1,0,RES8 Willard Bay.Storage,06-30-2476 23:59:00,159133,2476,June
1,0,RES8 Willard Bay.Storage,07-31-2476 23:59:00,145049,2476,July
1,0,RES8 Willard Bay.Storage,08-31-2476 23:59:00,132847,2476,August
1,0,RES8 Willard Bay.Storage,09-30-2476 23:59:00,123066,2476,September
1,0,RES8 Willard Bay.Storage,10-31-2476 23:59:00,121452,2476,October
1,0,RES8 Willard Bay.Storage,11-30-2476 23:59:00,125495,2476,November
1,0,RES8 Willard Bay.Storage,12-31-2476 23:59:00,143134,2476,December
1,0,RES8 Willard Bay.Storage,01-31-2477 23:59:00,159111,2477,January
1,0,RES8 Willard Bay.Storage,02-28-2477 23:59:00,159111,2477,February
1,0,RES8 Willard Bay.Storage,03-31-2477 23:59:00,159112,2477,March
1,0,RES8 Willard Bay.Storage,04-30-2477 23:59:00,159118,2477,April
1,0,RES8 Willard Bay.Storage,05-31-2477 23:59:00,159125,2477,May
1,0,RES8 Willard Bay.Storage,06-30-2477 23:59:00,159133,2477,June
1,0,RES8 Willard Bay.Storage,07-31-2477 23:59:00,146797,2477,July
1,0,RES8 Willard Bay.Storage,08-31-2477 23:59:00,134592,2477,August
1,0,RES8 Willard Bay.Storage,09-30-2477 23:59:00,124810,2477,September
1,0,RES8 Willard Bay.Storage,10-31-2477 23:59:00,128225,2477,October
1,0,RES8 Willard Bay.Storage,11-30-2477 23:59:00,141660,2477,November
1,0,RES8 Willard Bay.Storage,12-31-2477 23:59:00,159111,2477,December
1,0,RES8 Willard Bay.Storage,01-31-2478 23:59:00,159111,2478,January
1,0,RES8 Willard Bay.Storage,02-28-2478 23:59:00,159111,2478,February
1,0,RES8 Willard Bay.Storage,03-31-2478 23:59:00,159112,2478,March
1,0,RES8 Willard Bay.Storage,04-30-2478 23:59:00,159118,2478,April
1,0,RES8 Willard Bay.Storage,05-31-2478 23:59:00,159125,2478,May
1,0,RES8 Willard Bay.Storage,06-30-2478 23:59:00,159130,2478,June
1,0,RES8 Willard Bay.Storage,07-31-2478 23:59:00,148125,2478,July
1,0,RES8 Willard Bay.Storage,08-31-2478 23:59:00,135918,2478,August
1,0,RES8 Willard Bay.Storage,09-30-2478 23:59:00,126134,2478,September
1,0,RES8 Willard Bay.Storage,10-31-2478 23:59:00,133348,2478,October
1,0,RES8 Willard Bay.Storage,11-30-2478 23:59:00,148531,2478,November
1,0,RES8 Willard Bay.Storage,12-31-2478 23:59:00,159111,2478,December
1,0,RES8 Willard Bay.Storage,01-31-2479 23:59:00,159111,2479,January
1,0,RES8 Willard Bay.Storage,02-28-2479 23:59:00,159111,2479,February
1,0,RES8 Willard Bay.Storage,03-31-2479 23:59:00,159112,2479,March
1,0,RES8 Willard Bay.Storage,04-30-2479 23:59:00,159118,2479,April
1,0,RES8 Willard Bay.Storage,05-31-2479 23:59:00,159125,2479,May
1,0,RES8 Willard Bay.Storage,06-30-2479 23:59:00,159133,2479,June
1,0,RES8 Willard Bay.Storage,07-31-2479 23:59:00,159130,2479,July
1,0,RES8 Willard Bay.Storage,08-31-2479 23:59:00,149036,2479,August
1,0,RES8 Willard Bay.Storage,09-30-2479 23:59:00,139247,2479,September
1,0,RES8 Willard Bay.Storage,10-31-2479 23:59:00,141730,2479,October
1,0,RES8 Willard Bay.Storage,11-30-2479 23:59:00,156531,2479,November
1,0,RES8 Willard Bay.Storage,12-31-2479 23:59:00,159111,2479,December
1,0,RES8 Willard Bay.Storage,01-31-2480 23:59:00,159111,2480,January
1,0,RES8 Willard Bay.Storage,02-29-2480 23:59:00,159111,2480,February
1,0,RES8 Willard Bay.Storage,03-31-2480 23:59:00,159112,2480,March
1,0,RES8 Willard Bay.Storage,04-30-2480 23:59:00,159118,2480,April
1,0,RES8 Willard Bay.Storage,05-31-2480 23:59:00,159114,2480,May
1,0,RES8 Willard Bay.Storage,06-30-2480 23:59:00,159119,2480,June
1,0,RES8 Willard Bay.Storage,07-31-2480 23:59:00,145035,2480,July
1,0,RES8 Willard Bay.Storage,08-31-2480 23:59:00,130833,2480,August
1,0,RES8 Willard Bay.Storage,09-30-2480 23:59:00,115674,2480,September
1,0,RES8 Willard Bay.Storage,10-31-2480 23:59:00,111004,2480,October
1,0,RES8 Willard Bay.Storage,11-30-2480 23:59:00,115710,2480,November
1,0,RES8 Willard Bay.Storage,12-31-2480 23:59:00,126694,2480,December
1,0,RES8 Willard Bay.Storage,01-31-2481 23:59:00,148184,2481,January
1,0,RES8 Willard Bay.Storage,02-28-2481 23:59:00,159111,2481,February
1,0,RES8 Willard Bay.Storage,03-31-2481 23:59:00,159112,2481,March
1,0,RES8 Willard Bay.Storage,04-30-2481 23:59:00,159118,2481,April
1,0,RES8 Willard Bay.Storage,05-31-2481 23:59:00,159121,2481,May
1,0,RES8 Willard Bay.Storage,06-30-2481 23:59:00,159133,2481,June
1,0,RES8 Willard Bay.Storage,07-31-2481 23:59:00,145049,2481,July
1,0,RES8 Willard Bay.Storage,08-31-2481 23:59:00,132016,2481,August
1,0,RES8 Willard Bay.Storage,09-30-2481 23:59:00,118639,2481,September
1,0,RES8 Willard Bay.Storage,10-31-2481 23:59:00,111194,2481,October
1,0,RES8 Willard Bay.Storage,11-30-2481 23:59:00,117397,2481,November
1,0,RES8 Willard Bay.Storage,12-31-2481 23:59:00,133007,2481,December
1,0,RES8 Willard Bay.Storage,01-31-2482 23:59:00,149002,2482,January
1,0,RES8 Willard Bay.Storage,02-28-2482 23:59:00,159111,2482,February
1,0,RES8 Willard Bay.Storage,03-31-2482 23:59:00,159112,2482,March
1,0,RES8 Willard Bay.Storage,04-30-2482 23:59:00,159118,2482,April
1,0,RES8 Willard Bay.Storage,05-31-2482 23:59:00,155410,2482,May
1,0,RES8 Willard Bay.Storage,06-30-2482 23:59:00,149374,2482,June
1,0,RES8 Willard Bay.Storage,07-31-2482 23:59:00,133155,2482,July
1,0,RES8 Willard Bay.Storage,08-31-2482 23:59:00,110920,2482,August
1,0,RES8 Willard Bay.Storage,09-30-2482 23:59:00,90436.9,2482,September
1,0,RES8 Willard Bay.Storage,10-31-2482 23:59:00,81974.1,2482,October
1,0,RES8 Willard Bay.Storage,11-30-2482 23:59:00,87006.4,2482,November
1,0,RES8 Willard Bay.Storage,12-31-2482 23:59:00,94370.9,2482,December
1,0,RES8 Willard Bay.Storage,01-31-2483 23:59:00,103351,2483,January
1,0,RES8 Willard Bay.Storage,02-28-2483 23:59:00,112295,2483,February
1,0,RES8 Willard Bay.Storage,03-31-2483 23:59:00,144226,2483,March
1,0,RES8 Willard Bay.Storage,04-30-2483 23:59:00,159117,2483,April
1,0,RES8 Willard Bay.Storage,05-31-2483 23:59:00,159124,2483,May
1,0,RES8 Willard Bay.Storage,06-30-2483 23:59:00,159133,2483,June
1,0,RES8 Willard Bay.Storage,07-31-2483 23:59:00,155400,2483,July
1,0,RES8 Willard Bay.Storage,08-31-2483 23:59:00,143180,2483,August
1,0,RES8 Willard Bay.Storage,09-30-2483 23:59:00,133389,2483,September
1,0,RES8 Willard Bay.Storage,10-31-2483 23:59:00,137800,2483,October
1,0,RES8 Willard Bay.Storage,11-30-2483 23:59:00,151096,2483,November
1,0,RES8 Willard Bay.Storage,12-31-2483 23:59:00,159111,2483,December
1,0,RES8 Willard Bay.Storage,01-31-2484 23:59:00,159111,2484,January
1,0,RES8 Willard Bay.Storage,02-29-2484 23:59:00,159111,2484,February
1,0,RES8 Willard Bay.Storage,03-31-2484 23:59:00,159112,2484,March
1,0,RES8 Willard Bay.Storage,04-30-2484 23:59:00,159118,2484,April
1,0,RES8 Willard Bay.Storage,05-31-2484 23:59:00,159125,2484,May
1,0,RES8 Willard Bay.Storage,06-30-2484 23:59:00,159133,2484,June
1,0,RES8 Willard Bay.Storage,07-31-2484 23:59:00,152471,2484,July
1,0,RES8 Willard Bay.Storage,08-31-2484 23:59:00,140256,2484,August
1,0,RES8 Willard Bay.Storage,09-30-2484 23:59:00,130467,2484,September
1,0,RES8 Willard Bay.Storage,10-31-2484 23:59:00,130136,2484,October
1,0,RES8 Willard Bay.Storage,11-30-2484 23:59:00,143490,2484,November
1,0,RES8 Willard Bay.Storage,12-31-2484 23:59:00,159111,2484,December
1,0,RES8 Willard Bay.Storage,01-31-2485 23:59:00,159111,2485,January
1,0,RES8 Willard Bay.Storage,02-28-2485 23:59:00,159111,2485,February
1,0,RES8 Willard Bay.Storage,03-31-2485 23:59:00,159112,2485,March
1,0,RES8 Willard Bay.Storage,04-30-2485 23:59:00,159118,2485,April
1,0,RES8 Willard Bay.Storage,05-31-2485 23:59:00,159125,2485,May
1,0,RES8 Willard Bay.Storage,06-30-2485 23:59:00,159133,2485,June
1,0,RES8 Willard Bay.Storage,07-31-2485 23:59:00,159113,2485,July
1,0,RES8 Willard Bay.Storage,08-31-2485 23:59:00,146887,2485,August
1,0,RES8 Willard Bay.Storage,09-30-2485 23:59:00,137094,2485,September
1,0,RES8 Willard Bay.Storage,10-31-2485 23:59:00,153131,2485,October
1,0,RES8 Willard Bay.Storage,11-30-2485 23:59:00,159111,2485,November
1,0,RES8 Willard Bay.Storage,12-31-2485 23:59:00,159111,2485,December
1,0,RES8 Willard Bay.Storage,01-31-2486 23:59:00,159111,2486,January
1,0,RES8 Willard Bay.Storage,02-28-2486 23:59:00,159111,2486,February
1,0,RES8 Willard Bay.Storage,03-31-2486 23:59:00,159112,2486,March
1,0,RES8 Willard Bay.Storage,04-30-2486 23:59:00,159118,2486,April
1,0,RES8 Willard Bay.Storage,05-31-2486 23:59:00,159125,2486,May
1,0,RES8 Willard Bay.Storage,06-30-2486 23:59:00,159133,2486,June
1,0,RES8 Willard Bay.Storage,07-31-2486 23:59:00,159138,2486,July
1,0,RES8 Willard Bay.Storage,08-31-2486 23:59:00,151175,2486,August
1,0,RES8 Willard Bay.Storage,09-30-2486 23:59:00,143093,2486,September
1,0,RES8 Willard Bay.Storage,10-31-2486 23:59:00,159113,2486,October
1,0,RES8 Willard Bay.Storage,11-30-2486 23:59:00,159111,2486,November
1,0,RES8 Willard Bay.Storage,12-31-2486 23:59:00,159111,2486,December
1,0,RES8 Willard Bay.Storage,01-31-2487 23:59:00,159111,2487,January
1,0,RES8 Willard Bay.Storage,02-28-2487 23:59:00,159111,2487,February
1,0,RES8 Willard Bay.Storage,03-31-2487 23:59:00,159112,2487,March
1,0,RES8 Willard Bay.Storage,04-30-2487 23:59:00,159118,2487,April
1,0,RES8 Willard Bay.Storage,05-31-2487 23:59:00,159125,2487,May
1,0,RES8 Willard Bay.Storage,06-30-2487 23:59:00,159133,2487,June
1,0,RES8 Willard Bay.Storage,07-31-2487 23:59:00,149917,2487,July
1,0,RES8 Willard Bay.Storage,08-31-2487 23:59:00,137707,2487,August
1,0,RES8 Willard Bay.Storage,09-30-2487 23:59:00,127921,2487,September
1,0,RES8 Willard Bay.Storage,10-31-2487 23:59:00,128481,2487,October
1,0,RES8 Willard Bay.Storage,11-30-2487 23:59:00,141257,2487,November
1,0,RES8 Willard Bay.Storage,12-31-2487 23:59:00,159111,2487,December
1,0,RES8 Willard Bay.Storage,01-31-2488 23:59:00,159111,2488,January
1,0,RES8 Willard Bay.Storage,02-29-2488 23:59:00,159111,2488,February
1,0,RES8 Willard Bay.Storage,03-31-2488 23:59:00,159112,2488,March
1,0,RES8 Willard Bay.Storage,04-30-2488 23:59:00,159118,2488,April
1,0,RES8 Willard Bay.Storage,05-31-2488 23:59:00,159114,2488,May
1,0,RES8 Willard Bay.Storage,06-30-2488 23:59:00,159130,2488,June
1,0,RES8 Willard Bay.Storage,07-31-2488 23:59:00,146002,2488,July
1,0,RES8 Willard Bay.Storage,08-31-2488 23:59:00,133798,2488,August
1,0,RES8 Willard Bay.Storage,09-30-2488 23:59:00,124016,2488,September
1,0,RES8 Willard Bay.Storage,10-31-2488 23:59:00,126498,2488,October
1,0,RES8 Willard Bay.Storage,11-30-2488 23:59:00,140532,2488,November
1,0,RES8 Willard Bay.Storage,12-31-2488 23:59:00,159111,2488,December
1,0,RES8 Willard Bay.Storage,01-31-2489 23:59:00,159111,2489,January
1,0,RES8 Willard Bay.Storage,02-28-2489 23:59:00,159111,2489,February
1,0,RES8 Willard Bay.Storage,03-31-2489 23:59:00,159112,2489,March
1,0,RES8 Willard Bay.Storage,04-30-2489 23:59:00,159118,2489,April
1,0,RES8 Willard Bay.Storage,05-31-2489 23:59:00,159122,2489,May
1,0,RES8 Willard Bay.Storage,06-30-2489 23:59:00,159133,2489,June
1,0,RES8 Willard Bay.Storage,07-31-2489 23:59:00,159128,2489,July
1,0,RES8 Willard Bay.Storage,08-31-2489 23:59:00,146902,2489,August
1,0,RES8 Willard Bay.Storage,09-30-2489 23:59:00,137106,2489,September
